[gd_scene load_steps=17 format=2]

[ext_resource path="res://scenes/chapters/ChapterBar.gd" type="Script" id=1]
[ext_resource path="res://scenes/Player.tscn" type="PackedScene" id=2]
[ext_resource path="res://scenes/location/Bar.tscn" type="PackedScene" id=3]
[ext_resource path="res://scenes/ui/UI.tscn" type="PackedScene" id=4]
[ext_resource path="res://scenes/props/Key.tscn" type="PackedScene" id=5]
[ext_resource path="res://scenes/props/Valve.tscn" type="PackedScene" id=6]
[ext_resource path="res://scenes/characters/Character.tscn" type="PackedScene" id=7]
[ext_resource path="res://scenes/characters/Bartender.tscn" type="PackedScene" id=8]
[ext_resource path="res://scenes/characters/Dancer.tscn" type="PackedScene" id=9]
[ext_resource path="res://scenes/props/appart/BarCorridor.tscn" type="PackedScene" id=10]
[ext_resource path="res://scenes/core/DialogTrigger.tscn" type="PackedScene" id=11]
[ext_resource path="res://scenes/props/appart/Door.tscn" type="PackedScene" id=12]
[ext_resource path="res://assets/models/story/key.glb" type="PackedScene" id=13]
[ext_resource path="res://scenes/props/road/CarInside.tscn" type="PackedScene" id=14]

[sub_resource type="SpatialMaterial" id=1]
albedo_color = Color( 0.156863, 0.717647, 0, 1 )
emission_enabled = true
emission = Color( 0.156863, 0.717647, 0, 1 )
emission_energy = 1.0
emission_operator = 0
emission_on_uv2 = false

[sub_resource type="CubeMesh" id=2]
material = SubResource( 1 )
size = Vector3( 0.1, 0.1, 0.3 )

[node name="ChapterBar" type="Spatial"]
script = ExtResource( 1 )

[node name="Bar" parent="." instance=ExtResource( 3 )]

[node name="Key" parent="Bar" instance=ExtResource( 5 )]
transform = Transform( 0.99923, 0.0392254, 1.7146e-09, 0, -4.37114e-08, 1, 0.0392254, -0.99923, -4.36777e-08, -0.179269, 0.793589, 2.45578 )

[node name="Valve" parent="Bar" instance=ExtResource( 6 )]
transform = Transform( -0.143475, -0.974016, -0.175236, -0.989654, 0.141208, 0.0254047, 1.52606e-07, 0.177068, -0.984199, 0.747763, 1.16686, 7.60147 )

[node name="BarCorridor" parent="Bar" instance=ExtResource( 10 )]

[node name="Trigger" type="Spatial" parent="Bar"]

[node name="Door" parent="Bar/Trigger" instance=ExtResource( 12 )]
transform = Transform( -4.37114e-08, 0, -1, 0, 1, 0, 1, 0, -4.37114e-08, -3.52556, 0, 0 )
locked = true

[node name="key" parent="Bar/Trigger/Door" instance=ExtResource( 13 )]
transform = Transform( -0.658125, 0.752909, -7.24789e-08, 0.752909, 0.658125, 3.29107e-08, 7.24789e-08, -3.29107e-08, -1, 0.660003, 0.720318, -0.172962 )

[node name="CarInside" parent="Bar/Trigger/Door" instance=ExtResource( 14 )]
transform = Transform( 1, 0, 0, 0, 1, 0, 0, 0, 1, 0.619672, 0, -0.813649 )
friend_sleep = false

[node name="Position" type="Spatial" parent="Bar/Trigger/Door/CarInside"]
transform = Transform( 1, 0, 0, 0, 1, 0, 0, 0, 1, 0.481436, -0.249828, 0 )

[node name="ExitSign" type="MeshInstance" parent="Bar/Trigger/Door"]
transform = Transform( -4.37114e-08, 0, -1, 0, 1, 0, 1, 0, -4.37114e-08, 0.6, 2.2, -0.0495644 )
mesh = SubResource( 2 )
material/0 = null

[node name="Dialogs" type="Spatial" parent="Bar"]

[node name="DialogFriend01" parent="Bar/Dialogs" groups=[
"dialog-bar",
] instance=ExtResource( 11 )]
transform = Transform( 1, 0, 0, 0, 1, 0, 0, 0, 1, 1.49304, 1.44674, -0.99473 )
hover_key = "dialog_bar_hover_friend"
active = false
dialogs = [ "dialog_2_01", "dialog_2_02" ]
who = "friend"

[node name="DialogFriend02" parent="Bar/Dialogs" groups=[
"dialog-bar",
] instance=ExtResource( 11 )]
transform = Transform( 1, 0, 0, 0, 1, 0, 0, 0, 1, 1.49304, 1.44674, -0.99473 )
hover_key = "dialog_bar_hover_friend"
active = false
dialogs = [ "dialog_2_03" ]
who = "friend"

[node name="DialogFriend03" parent="Bar/Dialogs" groups=[
"dialog-bar",
] instance=ExtResource( 11 )]
transform = Transform( 1, 0, 0, 0, 1, 0, 0, 0, 1, 1.49304, 1.44674, -0.99473 )
hover_key = "dialog_bar_hover_friend"
active = false
dialogs = [ "dialog_2_04" ]
who = "friend"
multiple = true

[node name="DialogBartender01" parent="Bar/Dialogs" groups=[
"dialog-bar",
] instance=ExtResource( 11 )]
transform = Transform( 1, 0, 0, 0, 1, 0, 0, 0, 1, 1.51997, 1.73703, -3.1051 )
hover_key = "dialog_bar_hover_bartender_key"
active = false
dialogs = [ "dialog_02_bartender_01" ]
who = "bartender"

[node name="DialogBartender02" parent="Bar/Dialogs" groups=[
"dialog-bar",
] instance=ExtResource( 11 )]
transform = Transform( 1, 0, 0, 0, 1, 0, 0, 0, 1, 1.51997, 1.73703, -3.1051 )
hover_key = "dialog_bar_hover_bartender_valve"
active = false
dialogs = [ "dialog_02_bartender_02", "dialog_02_bartender_03" ]
who = "bartender"

[node name="DialogFriend04" parent="Bar/Dialogs" groups=[
"dialog-bar",
] instance=ExtResource( 11 )]
transform = Transform( 0.5, 0, 0, 0, 0.5, 0, 0, 0, 0.5, -2.9119, 1.24234, 0.152902 )
hover_key = "dialog_bar_hover_friend"
active = false
dialogs = [ "dialog_2_05" ]
who = "friend"

[node name="Player" parent="." instance=ExtResource( 2 )]
transform = Transform( 1, 0, 0, 0, 1, 0, 0, 0, 1, 0, 0, 9.26021 )

[node name="UI" parent="." instance=ExtResource( 4 )]
visible = false

[node name="Drink" type="Spatial" parent="."]
transform = Transform( -1.62921e-07, 0, -1, 0, 1, 0, 1, 0, -1.62921e-07, 0.128837, 0, -3.29696 )

[node name="Dancers" type="Spatial" parent="."]

[node name="Dancer01" parent="Dancers" instance=ExtResource( 9 )]
transform = Transform( 0.730162, 0, 0.683274, 0, 1, 0, -0.683274, 0, 0.730162, -3.03841, 0, -2.71964 )

[node name="Dancer02" parent="Dancers" instance=ExtResource( 9 )]
transform = Transform( 0.444448, 0, 0.895805, 0, 1, 0, -0.895805, 0, 0.444448, -2.39316, 0, 1.25075 )

[node name="Dancer03" parent="Dancers" instance=ExtResource( 9 )]
transform = Transform( 1, 0, 0, 0, 1, 0, 0, 0, 1, 0, 0, 2.65865 )

[node name="Dancer04" parent="Dancers" instance=ExtResource( 9 )]
transform = Transform( -0.0288114, 0, -0.999585, 0, 1, 0, 0.999585, 0, -0.0288114, 2.19928, 0.416588, 3.45848 )

[node name="Dancer05" parent="Dancers" instance=ExtResource( 9 )]
transform = Transform( 0.549767, 0, -0.835318, 0, 1, 0, 0.835318, 0, 0.549767, 2.5025, 0.0166473, 0.870651 )

[node name="Dancer06" parent="Dancers" instance=ExtResource( 9 )]
transform = Transform( 0.549767, 0, -0.835318, 0, 1, 0, 0.835318, 0, 0.549767, -0.580353, 0.0166473, 0.126068 )

[node name="Friend" parent="." instance=ExtResource( 7 )]
transform = Transform( -1, 0, -8.74228e-08, 0, 1, 0, 8.74228e-08, 0, -1, 1.50651, 0.00659486, -0.896361 )
default = "sleep"

[node name="Bartender" parent="." instance=ExtResource( 8 )]
transform = Transform( 0, 0, -1, 0, 1, 0, 1, 0, 0, 1.85409, 0.228268, -3.26435 )

[node name="Music" type="AudioStreamPlayer3D" parent="." groups=[
"chapter",
]]
transform = Transform( 1, 0, 0, 0, 1, 0, 0, 0, 1, 3.01232, 1.70402, 5.50527 )
attenuation_model = 3
unit_size = 15.0
bus = "music"
[connection signal="end_of_chapter" from="Bar" to="." method="_on_Bar_end_of_chapter"]
[connection signal="picked_up" from="Bar/Key" to="." method="_on_Key_picked_up"]
[connection signal="picked_up" from="Bar/Valve" to="." method="_on_Valve_picked_up"]
[connection signal="first_entrance" from="Bar/BarCorridor" to="." method="_on_BarCorridor_first_entrance"]
[connection signal="door_interacted_with" from="Bar/Trigger/Door" to="." method="_on_Door_door_interacted_with"]
