[gd_scene load_steps=10 format=2]

[ext_resource path="res://scenes/chapters/road/Road.gd" type="Script" id=1]
[ext_resource path="res://assets/models/road/road.glb" type="PackedScene" id=2]
[ext_resource path="res://scenes/location/StartChapter.tscn" type="PackedScene" id=3]
[ext_resource path="res://scenes/props/road/Car.tscn" type="PackedScene" id=4]
[ext_resource path="res://assets/sounds/car-crash.ogg" type="AudioStream" id=5]
[ext_resource path="res://assets/sounds/car-engine.ogg" type="AudioStream" id=6]
[ext_resource path="res://scenes/props/road/LampPole.tscn" type="PackedScene" id=7]

[sub_resource type="BoxShape" id=1]
extents = Vector3( 0.562912, 1, 1 )

[sub_resource type="BoxShape" id=2]
extents = Vector3( 10.5218, 1.53021, 1 )

[node name="Road" type="Spatial"]
script = ExtResource( 1 )

[node name="Pivot" type="Spatial" parent="."]

[node name="TempCars" type="Spatial" parent="Pivot"]

[node name="LineA" type="Spatial" parent="Pivot"]

[node name="LA2" parent="Pivot/LineA" instance=ExtResource( 4 )]
transform = Transform( 0.0889112, 0, 0.99604, 0, 1, 0, -0.99604, 0, 0.0889112, -6.66723, 0, 74.6903 )

[node name="LA1" parent="Pivot/LineA" instance=ExtResource( 4 )]
transform = Transform( -0.999999, 0, -3.25841e-07, 0, 1, 0, 3.25841e-07, 0, -0.999999, 73.403, 0, 0 )
turn_before_active = 2

[node name="LA4" parent="Pivot/LineA" instance=ExtResource( 4 )]
transform = Transform( -0.672302, 0, -0.740277, 0, 1, 0, 0.740277, 0, -0.672302, 52.6681, 0, -57.9932 )
turn_before_active = 2

[node name="LA3" parent="Pivot/LineA" instance=ExtResource( 4 )]
transform = Transform( 0.895214, 0, 0.445636, 0, 1, 0, -0.445636, 0, 0.895214, -68.6737, 0, 34.1856 )

[node name="LineB" type="Spatial" parent="Pivot"]

[node name="LB1" parent="Pivot/LineB" instance=ExtResource( 4 )]
transform = Transform( 0.707106, 0, 0.707106, 0, 1, 0, -0.707106, 0, 0.707106, 56.8951, 0, -56.8951 )
turn_before_active = 1

[node name="LB2" parent="Pivot/LineB" instance=ExtResource( 4 )]
transform = Transform( -0.707107, 0, 0.707107, 0, 1, 0, -0.707107, 0, -0.707107, -58.0112, 0, -58.0112 )
turn_before_active = 2

[node name="LB4" parent="Pivot/LineB" instance=ExtResource( 4 )]
transform = Transform( -4.37114e-08, 0, -1, 0, 1, 0, 1, 0, -4.37114e-08, -3.73059e-06, 0, 85.3459 )
turn_before_active = 3

[node name="LB3" parent="Pivot/LineB" instance=ExtResource( 4 )]
transform = Transform( 0.707106, 0, -0.707106, 0, 1, 0, 0.707106, 0, 0.707106, 59.0464, 0, 59.0464 )
turn_before_active = 1

[node name="Lamps" type="Spatial" parent="Pivot"]
transform = Transform( 0.537049, 0, 0.843551, 0, 1, 0, -0.843551, 0, 0.537049, 0, 0, 0 )

[node name="LampPole1" parent="Pivot/Lamps" instance=ExtResource( 7 )]
transform = Transform( 1, 0, 0, 0, 1, 0, 0, 0, 1, -88.1178, 0, -1.48275 )

[node name="LampPole2" parent="Pivot/Lamps" instance=ExtResource( 7 )]
transform = Transform( 0.707107, 0, 0.707107, 0, 1, 0, -0.707107, 0, 0.707107, -62.5492, 0, 62.5492 )

[node name="LampPole4" parent="Pivot/Lamps" instance=ExtResource( 7 )]
transform = Transform( -0.707107, 0, 0.707107, 0, 1, 0, -0.707107, 0, -0.707107, 62.0364, 0, 62.0364 )

[node name="LampPole7" parent="Pivot/Lamps" instance=ExtResource( 7 )]
transform = Transform( -0.269391, 0, -0.963031, 0, 1, 0, 0.963031, 0, -0.269391, 25.9245, 0, -85.422 )

[node name="LampPole3" parent="Pivot/Lamps" instance=ExtResource( 7 )]
transform = Transform( -0.258819, 0, 0.965926, 0, 1, 0, -0.965926, 0, -0.258819, 22.7525, 0, 84.9134 )

[node name="RoadModel" parent="Pivot" instance=ExtResource( 2 )]

[node name="StartPoint" parent="." instance=ExtResource( 3 )]
transform = Transform( 1, 0, 0, 0, 1, 0, 0, 0, 1, -75.9037, 0, -2 )

[node name="Right" type="Area" parent="StartPoint"]

[node name="RoadCollisionRight" type="CollisionShape" parent="StartPoint/Right"]
transform = Transform( 1, 0, 0, 0, 1, 0, 0, 0, 1, 5.36258, 0, 0 )
shape = SubResource( 1 )

[node name="Left" type="Area" parent="StartPoint"]

[node name="RoadCollisionLeft" type="CollisionShape" parent="StartPoint/Left"]
transform = Transform( 1, 0, 0, 0, 1, 0, 0, 0, 1, -11.8819, 0, 0 )
shape = SubResource( 1 )

[node name="Area" type="Area" parent="."]
transform = Transform( 0.939693, 0, 0.34202, 0, 1, 0, -0.34202, 0, 0.939693, -74.7067, 0, 27.191 )

[node name="CollisionShape" type="CollisionShape" parent="Area"]
transform = Transform( 1, 0, 0, 0, 1, 0, 0, 0, 1, 0, 0.925246, 0 )
shape = SubResource( 2 )

[node name="CarCrash" type="AudioStreamPlayer" parent="."]
stream = ExtResource( 5 )
volume_db = -5.0
pitch_scale = 0.9
bus = "sound"

[node name="CarEngine" type="AudioStreamPlayer" parent="."]
stream = ExtResource( 6 )
volume_db = -15.0
pitch_scale = 0.9
bus = "sound"
[connection signal="body_entered" from="StartPoint/Right" to="." method="_on_Right_body_entered"]
[connection signal="body_entered" from="StartPoint/Left" to="." method="_on_Left_body_entered"]
[connection signal="area_entered" from="Area" to="." method="_on_Area_area_entered"]
